336
0,1.076923,4.454545,74
1,1.144444,3.678571,76
2,1.200000,3.176471,78
3,1.269663,2.897436,80
4,1.325843,2.565217,83
5,1.382023,2.411765,85
6,1.443182,2.228070,86
7,1.517241,2.095238,89
8,1.581395,1.971014,90
9,1.647059,1.866667,92
10,1.714286,1.800000,93
11,1.804878,1.720930,94
12,1.864197,1.659341,96
13,1.937500,1.614583,98
14,2.025641,1.564356,98
15,2.186667,1.464286,100
16,1.078788,4.450000,134
17,1.115152,4.000000,136
18,1.143713,3.673077,140
19,1.180723,3.379310,143
20,1.208333,3.123077,146
21,1.244048,2.943662,149
22,1.281437,2.779221,151
23,1.309524,2.650602,154
24,1.341317,2.545455,156
25,1.369048,2.421053,159
26,1.398810,2.350000,161
27,1.431138,2.254717,163
28,1.461078,2.198198,166
29,1.493976,2.119658,167
30,1.524096,2.073771,169
31,1.557576,2.007812,171
32,1.585366,1.954887,173
33,1.615854,1.920290,174
34,1.654321,1.874126,176
35,1.689441,1.825503,177
36,1.712500,1.779221,178
37,1.748428,1.748428,179
38,1.778481,1.713415,181
39,1.814103,1.674556,181
40,1.863636,1.649425,183
41,1.888889,1.623595,183
42,1.927152,1.590164,183
43,1.966443,1.566845,184
44,2.006803,1.536458,184
45,2.055172,1.512690,185
46,2.097902,1.492537,186
47,2.179856,1.436019,186
48,1.088968,4.371428,229
49,1.106007,4.118421,233
50,1.129032,3.888889,233
51,1.144876,3.681818,238
52,1.163763,3.515790,244
53,1.182759,3.396039,249
54,1.202797,3.245283,248
55,1.217993,3.115044,253
56,1.234483,3.008403,256
57,1.250847,2.928571,263
58,1.266892,2.840909,266
59,1.286689,2.751825,266
60,1.303754,2.671329,268
61,1.318644,2.610738,273
62,1.330000,2.574193,279
63,1.350168,2.506250,279
64,1.362416,2.445783,281
65,1.376667,2.401163,285
66,1.392027,2.367232,288
67,1.402640,2.322404,292
68,1.417763,2.280423,295
69,1.434211,2.247423,298
70,1.447368,2.200000,299
71,1.463816,2.170732,302
72,1.476974,2.138095,304
73,1.493377,2.107477,304
74,1.508251,2.077273,308
75,1.521452,2.048889,309
76,1.533113,2.013043,310
77,1.547855,1.995745,313
78,1.557756,1.966667,314
79,1.572368,1.951020,318
80,1.590000,1.923387,316
81,1.605351,1.897233,318
82,1.618729,1.875969,319
83,1.630872,1.854962,320
84,1.648649,1.834587,321
85,1.658784,1.811808,322
86,1.674576,1.789855,323
87,1.694915,1.779359,326
88,1.703072,1.757042,325
89,1.725086,1.737024,326
90,1.735395,1.723549,328
91,1.753472,1.700337,326
92,1.770833,1.688742,329
93,1.782456,1.671053,327
94,1.806338,1.654839,329
95,1.822695,1.636943,329
96,1.836879,1.628931,331
97,1.853047,1.605590,330
98,1.870036,1.593846,329
99,1.894161,1.577508,329
100,1.911765,1.561562,329
101,1.929104,1.547904,327
102,1.951493,1.538235,329
103,1.969582,1.519062,326
104,1.996139,1.507289,324
105,2.011583,1.488571,326
106,2.035294,1.478632,324
107,2.059055,1.464986,326
108,2.088000,1.454039,324
109,2.104418,1.439560,325
110,2.135246,1.423497,322
111,2.182979,1.390244,316
112,1.099715,4.386364,287
113,1.114286,4.193548,289
114,1.129834,4.009804,301
115,1.140496,3.833333,304
116,1.155313,3.655172,310
117,1.171196,3.532787,314
118,1.189944,3.408000,308
119,1.197297,3.305970,320
120,1.213115,3.194245,319
121,1.230769,3.089655,321
122,1.241848,3.026490,326
123,1.247368,2.981132,338
124,1.261333,2.884146,336
125,1.277333,2.817647,339
126,1.280928,2.792135,351
127,1.301587,2.718232,346
128,1.311518,2.679144,351
129,1.314721,2.642857,363
130,1.330749,2.587940,359
131,1.336683,2.570048,371
132,1.346734,2.516432,373
133,1.355000,2.486238,376
134,1.371501,2.427928,373
135,1.379747,2.400881,376
136,1.392405,2.370690,378
137,1.400504,2.336134,382
138,1.408521,2.312757,386
139,1.421053,2.277108,388
140,1.426434,2.251969,391
141,1.438903,2.227799,393
142,1.439024,2.218045,403
143,1.451220,2.187500,404
144,1.457627,2.173285,409
145,1.466184,2.152482,411
146,1.479218,2.122807,409
147,1.483092,2.109966,415
148,1.493947,2.091525,416
149,1.497608,2.079734,422
150,1.507212,2.055738,422
151,1.521951,2.025974,419
152,1.526442,2.015873,426
153,1.537349,2.000000,427
154,1.545673,1.984568,429
155,1.552885,1.969512,431
156,1.560096,1.954819,433
157,1.571084,1.940476,434
158,1.581509,1.917404,432
159,1.585542,1.907246,437
160,1.599022,1.890173,433
161,1.607843,1.874286,434
162,1.612745,1.858757,435
163,1.625000,1.846797,438
164,1.629540,1.838798,444
165,1.638554,1.832884,448
166,1.647202,1.815013,445
167,1.658416,1.796247,439
168,1.666667,1.789474,446
169,1.677419,1.769634,443
170,1.684729,1.762887,447
171,1.695545,1.751918,447
172,1.702233,1.736709,448
173,1.714286,1.727273,445
174,1.721519,1.712846,442
175,1.735369,1.700748,443
176,1.743073,1.691931,449
177,1.748072,1.683168,441
178,1.758270,1.673123,447
179,1.767263,1.665060,446
180,1.779221,1.650602,442
181,1.790698,1.642180,446
182,1.800000,1.630588,446
183,1.814136,1.619159,445
184,1.818667,1.604706,438
185,1.834225,1.595349,439
186,1.845745,1.588101,444
187,1.858667,1.576923,445
188,1.866120,1.562929,436
189,1.881081,1.557047,443
190,1.893733,1.547884,442
191,1.909341,1.537611,441
192,1.915254,1.520179,430
193,1.931624,1.510022,429
194,1.943503,1.505471,435
195,1.959302,1.491150,426
196,1.973684,1.483516,425
197,1.988372,1.470968,430
198,2.002915,1.464819,431
199,2.018127,1.449024,419
200,2.036697,1.438445,417
201,2.057576,1.432489,424
202,2.070122,1.423480,423
203,2.088328,1.405520,413
204,2.106109,1.393617,408
205,2.124204,1.389583,414
206,2.145215,1.371308,403
207,2.185431,1.358025,407
208,1.112903,4.312500,306
209,1.120301,4.177570,330
210,1.137662,3.981818,321
211,1.141809,3.859504,343
212,1.164948,3.674797,329
213,1.167070,3.597015,351
214,1.187500,3.467153,344
215,1.199501,3.363636,347
216,1.202353,3.318182,368
217,1.210648,3.228395,376
218,1.232445,3.122699,364
219,1.233796,3.080925,381
220,1.240449,3.032967,394
221,1.265403,2.934066,378
222,1.260674,2.906736,398
223,1.262931,2.886699,416
224,1.293706,2.775000,391
225,1.290110,2.768868,413
226,1.305430,2.696262,405
227,1.318182,2.648402,406
228,1.315217,2.653509,424
229,1.335586,2.578261,413
230,1.342222,2.548523,420
231,1.349558,2.520661,424
232,1.346072,2.525896,441
233,1.353065,2.490272,444
234,1.361345,2.454545,449
235,1.366667,2.438662,454
236,1.382979,2.389706,448
237,1.394850,2.355072,447
238,1.387629,2.361403,464
239,1.398760,2.334483,465
240,1.414013,2.288660,456
241,1.411043,2.292359,473
242,1.418367,2.271242,476
243,1.423077,2.260450,481
244,1.430894,2.234921,481
245,1.445135,2.194968,476
246,1.440000,2.201835,491
247,1.446894,2.181269,492
248,1.453094,2.166667,495
249,1.460159,2.149560,498
250,1.469062,2.133333,499
251,1.480652,2.101156,492
252,1.490798,2.088825,492
253,1.484127,2.083565,506
254,1.492095,2.074176,510
255,1.497041,2.062500,512
256,1.502959,2.048387,513
257,1.508876,2.034575,515
258,1.516832,2.021108,515
259,1.522772,2.007833,516
260,1.527888,1.987047,514
261,1.531373,1.982234,524
262,1.545272,1.959184,514
263,1.542240,1.957606,526
264,1.555110,1.940000,518
265,1.560000,1.925926,521
266,1.559921,1.927184,530
267,1.565815,1.915865,531
268,1.576305,1.891566,523
269,1.576772,1.893617,533
270,1.587174,1.872340,526
271,1.590909,1.872093,534
272,1.593320,1.868664,538
273,1.599198,1.851508,529
274,1.605210,1.845622,531
275,1.607495,1.839729,540
276,1.614770,1.826185,535
277,1.619802,1.821826,541
278,1.626506,1.808036,535
279,1.633065,1.796009,534
280,1.640974,1.789823,533
281,1.644269,1.789247,548
282,1.649087,1.771242,535
283,1.657841,1.758099,535
284,1.661258,1.753747,538
285,1.670082,1.745182,535
286,1.676707,1.743215,547
287,1.680808,1.729730,545
288,1.688017,1.720000,534
289,1.691511,1.709205,534
290,1.700000,1.700000,533
291,1.706721,1.699797,547
292,1.711066,1.690283,544
293,1.721174,1.675510,535
294,1.727273,1.667347,532
295,1.732365,1.663347,543
296,1.738494,1.652087,540
297,1.745223,1.644000,534
298,1.754202,1.640471,541
299,1.763214,1.632094,540
300,1.768908,1.625483,545
301,1.777778,1.612648,528
302,1.781659,1.603143,528
303,1.790749,1.597250,525
304,1.800000,1.588235,523
305,1.808463,1.579767,523
306,1.814898,1.573385,518
307,1.825607,1.569260,531
308,1.831858,1.562264,531
309,1.841163,1.552830,528
310,1.855856,1.543071,528
311,1.860674,1.539033,529
312,1.872941,1.524904,509
313,1.880460,1.520446,522
314,1.894737,1.508571,504
315,1.901869,1.504621,518
316,1.914894,1.497227,515
317,1.926650,1.483992,500
318,1.938242,1.483636,517
319,1.947761,1.466292,496
320,1.961165,1.466425,511
321,1.970370,1.456204,504
322,1.976804,1.439024,484
323,1.989664,1.433892,486
324,2.002632,1.422430,479
325,2.013263,1.416045,478
326,2.032345,1.406716,473
327,2.049479,1.407871,493
328,2.063536,1.388476,468
329,2.077128,1.389680,488
330,2.090395,1.370370,462
331,2.109589,1.370107,479
332,2.123249,1.360862,471
333,2.141243,1.351159,471
334,2.160237,1.335780,451
335,2.194118,1.327402,461
