336
0,1.064220,4.640000,79
1,1.101852,3.966667,80
2,1.158878,3.351351,82
3,1.216981,3.000000,84
4,1.276191,2.680000,86
5,1.326923,2.464286,88
6,1.392157,2.290323,89
7,1.455446,2.161765,91
8,1.510000,2.013333,92
9,1.571429,1.901235,94
10,1.645833,1.816092,95
11,1.712766,1.731183,95
12,1.793478,1.683674,97
13,1.866667,1.615385,98
14,1.943182,1.554545,98
15,2.107143,1.462810,100
16,1.059406,4.755556,145
17,1.085000,4.254902,147
18,1.108911,3.862069,150
19,1.145000,3.578125,152
20,1.175000,3.309859,155
21,1.199005,3.129870,158
22,1.228856,2.940476,160
23,1.253731,2.800000,162
24,1.285000,2.649485,165
25,1.311558,2.533981,166
26,1.343434,2.440367,168
27,1.373737,2.344828,171
28,1.401015,2.262295,172
29,1.428571,2.187500,174
30,1.456410,2.119403,176
31,1.484536,2.057143,177
32,1.515625,2.006896,178
33,1.544503,1.953642,180
34,1.573684,1.904459,181
35,1.609626,1.858025,181
36,1.639785,1.815476,183
37,1.668478,1.764368,184
38,1.697802,1.726257,184
39,1.743017,1.695652,184
40,1.774011,1.652632,185
41,1.805714,1.620513,185
42,1.843931,1.595000,186
43,1.888235,1.565854,187
44,1.928144,1.533333,186
45,1.963636,1.506977,187
46,2.012346,1.481818,187
47,2.089172,1.432314,187
48,1.058309,4.714286,247
49,1.068768,4.440476,253
50,1.088571,4.186813,257
51,1.106017,3.938776,259
52,1.121127,3.754717,266
53,1.137536,3.576576,264
54,1.152355,3.466667,276
55,1.169972,3.304000,272
56,1.181059,3.187970,278
57,1.199438,3.094203,279
58,1.213889,2.993151,285
59,1.229692,2.907285,285
60,1.239669,2.830189,291
61,1.258953,2.753012,294
62,1.272980,2.688235,294
63,1.282967,2.623595,299
64,1.296703,2.565217,302
65,1.312329,2.521053,305
66,1.324176,2.459184,306
67,1.343490,2.412935,306
68,1.353591,2.367150,309
69,1.365385,2.333333,313
70,1.379121,2.292238,315
71,1.396122,2.250000,315
72,1.407714,2.212121,319
73,1.422222,2.169492,319
74,1.434540,2.136930,320
75,1.450000,2.113360,323
76,1.459834,2.083004,326
77,1.474860,2.046512,326
78,1.484680,2.018939,328
79,1.500000,1.992537,328
80,1.515493,1.970696,330
81,1.525281,1.946237,332
82,1.540845,1.919298,334
83,1.552707,1.892361,332
84,1.568182,1.877551,335
85,1.582857,1.852843,335
86,1.598266,1.825083,334
87,1.610951,1.809062,337
88,1.623188,1.789137,337
89,1.639296,1.768987,336
90,1.654867,1.747663,337
91,1.673591,1.730061,337
92,1.687500,1.707831,338
93,1.706587,1.691395,340
94,1.719880,1.674487,340
95,1.734756,1.654070,338
96,1.753846,1.637931,337
97,1.773292,1.622159,337
98,1.789969,1.603933,337
99,1.810127,1.588889,336
100,1.827476,1.571429,335
101,1.842444,1.552845,335
102,1.867314,1.542781,337
103,1.884868,1.523936,334
104,1.907591,1.513089,336
105,1.926667,1.501299,335
106,1.952703,1.482051,334
107,1.969283,1.468193,333
108,1.996516,1.454315,330
109,2.017483,1.438903,331
110,2.049822,1.425743,330
111,2.088235,1.392157,324
112,1.053241,4.690722,310
113,1.066667,4.504854,315
114,1.077605,4.263158,329
115,1.090090,4.067227,327
116,1.102845,3.937500,338
117,1.115468,3.792593,342
118,1.127430,3.650350,348
119,1.140659,3.530612,345
120,1.153173,3.422078,349
121,1.158664,3.343374,367
122,1.170168,3.257310,367
123,1.182773,3.162921,370
124,1.194861,3.065934,366
125,1.206009,2.989362,367
126,1.216102,2.943590,374
127,1.227660,2.870647,375
128,1.237288,2.821256,378
129,1.242300,2.788018,392
130,1.255230,2.727273,387
131,1.261759,2.694323,398
132,1.271429,2.651064,401
133,1.281059,2.599174,403
134,1.288032,2.570850,407
135,1.299595,2.527559,410
136,1.311475,2.480620,408
137,1.316532,2.454887,416
138,1.329243,2.416357,413
139,1.338115,2.374545,414
140,1.344064,2.360424,423
141,1.352113,2.333333,424
142,1.363821,2.290102,423
143,1.368737,2.276667,430
144,1.376494,2.258170,434
145,1.383234,2.228296,435
146,1.395960,2.200637,433
147,1.403226,2.175000,435
148,1.410463,2.156923,438
149,1.417495,2.147590,445
150,1.425703,2.113095,442
151,1.435484,2.094118,443
152,1.444444,2.078488,444
153,1.450199,2.062323,452
154,1.459677,2.039437,448
155,1.468813,2.022161,451
156,1.473790,2.002740,452
157,1.484848,1.986486,453
158,1.490982,1.973475,458
159,1.501014,1.957672,455
160,1.506024,1.943005,461
161,1.515213,1.920308,458
162,1.523139,1.911616,464
163,1.533742,1.889169,459
164,1.539394,1.886139,466
165,1.547667,1.865526,466
166,1.554878,1.852300,466
167,1.565844,1.838164,463
168,1.573771,1.824228,467
169,1.584200,1.805687,463
170,1.591286,1.796253,465
171,1.602510,1.781395,464
172,1.612159,1.767816,465
173,1.618750,1.757919,469
174,1.630802,1.740991,466
175,1.639066,1.730942,465
176,1.646935,1.719647,469
177,1.658747,1.710468,461
178,1.668113,1.693833,461
179,1.676724,1.683983,466
180,1.687090,1.672451,461
181,1.698690,1.662393,465
182,1.713969,1.651709,460
183,1.723214,1.635593,460
184,1.733333,1.628392,464
185,1.746067,1.615385,461
186,1.758542,1.604990,458
187,1.773973,1.592213,459
188,1.786047,1.580247,453
189,1.794457,1.569697,459
190,1.809302,1.559118,458
191,1.823944,1.550898,456
192,1.834928,1.537074,451
193,1.847981,1.528487,456
194,1.862319,1.517717,451
195,1.876812,1.505814,454
196,1.885856,1.493124,444
197,1.903465,1.484556,448
198,1.919799,1.473077,445
199,1.933162,1.457364,437
200,1.950777,1.450867,437
201,1.968421,1.435701,433
202,1.981481,1.426667,433
203,2.000000,1.418386,436
204,2.021858,1.404175,426
205,2.035326,1.394786,431
206,2.058172,1.383613,427
207,2.093484,1.365989,423
208,1.054795,4.646552,367
209,1.065010,4.491935,378
210,1.075435,4.310078,377
211,1.088123,4.145986,383
212,1.097087,3.978873,380
213,1.106262,3.860927,391
214,1.120792,3.699346,378
215,1.126866,3.638554,403
216,1.140655,3.502959,394
217,1.152047,3.396552,391
218,1.155963,3.368984,417
219,1.165441,3.284974,419
220,1.181467,3.170985,402
221,1.182971,3.154589,429
222,1.197026,3.066667,422
223,1.199640,3.031818,437
224,1.215760,2.932127,422
225,1.220401,2.900433,436
226,1.223592,2.883817,452
227,1.233628,2.833333,452
228,1.245045,2.764000,447
229,1.251786,2.727627,453
230,1.254799,2.703007,464
231,1.259005,2.678832,473
232,1.274823,2.614545,462
233,1.274914,2.603509,477
234,1.283761,2.580756,481
235,1.289880,2.540540,482
236,1.301920,2.494983,477
237,1.311620,2.458746,475
238,1.315972,2.437299,483
239,1.321739,2.412699,484
240,1.322148,2.417178,501
241,1.332192,2.371951,494
242,1.340753,2.344311,496
243,1.346416,2.320588,499
244,1.347245,2.318965,511
245,1.348112,2.306180,520
246,1.365026,2.264789,507
247,1.371817,2.244444,509
248,1.368852,2.250674,526
249,1.383051,2.205405,513
250,1.380952,2.207349,529
251,1.394604,2.176316,519
252,1.398333,2.167959,526
253,1.404007,2.145408,527
254,1.407895,2.140000,535
255,1.412439,2.130864,540
256,1.417618,2.114355,542
257,1.424590,2.099034,542
258,1.434057,2.069880,535
259,1.440000,2.062052,537
260,1.443522,2.044706,540
261,1.443548,2.048055,556
262,1.453355,2.027397,551
263,1.462437,2.004577,543
264,1.463295,2.002232,556
265,1.468954,1.993348,556
266,1.477537,1.968958,549
267,1.484140,1.958150,549
268,1.482201,1.961456,566
269,1.494983,1.930886,551
270,1.501667,1.925214,555
271,1.506667,1.915254,556
272,1.507488,1.907368,558
273,1.510779,1.905858,560
274,1.513158,1.896907,566
275,1.518152,1.885246,565
276,1.526756,1.870902,560
277,1.533557,1.857724,560
278,1.533113,1.852000,567
279,1.541946,1.838000,562
280,1.546667,1.830375,567
281,1.546512,1.814815,570
282,1.557789,1.809339,568
283,1.567291,1.796875,561
284,1.561873,1.785851,570
285,1.567839,1.776091,571
286,1.583190,1.768199,562
287,1.577441,1.754682,571
288,1.592466,1.751412,565
289,1.590832,1.735185,570
290,1.605536,1.731343,563
291,1.599659,1.716636,571
292,1.616319,1.711397,564
293,1.611301,1.695495,571
294,1.619621,1.689408,570
295,1.626298,1.678571,569
296,1.644248,1.676895,560
297,1.649466,1.670270,559
298,1.658318,1.658318,558
299,1.665468,1.653571,557
300,1.670270,1.643617,558
301,1.680581,1.636042,556
302,1.681004,1.622837,563
303,1.695413,1.618214,553
304,1.694946,1.602389,563
305,1.703636,1.596252,561
306,1.711679,1.587140,562
307,1.728814,1.585492,548
308,1.728281,1.571429,558
309,1.748092,1.571184,545
310,1.747663,1.553156,557
311,1.760994,1.550505,548
312,1.768501,1.537954,553
313,1.783203,1.534454,541
314,1.786127,1.522167,549
315,1.805556,1.519199,538
316,1.805825,1.504854,550
317,1.825203,1.499165,530
318,1.834331,1.489465,541
319,1.846311,1.481908,530
320,1.856275,1.471910,539
321,1.869388,1.463259,538
322,1.885593,1.454248,522
323,1.896774,1.443535,516
324,1.914894,1.437700,526
325,1.927350,1.431746,526
326,1.946067,1.415033,504
327,1.956140,1.409163,519
328,1.977169,1.399031,502
329,1.986607,1.392801,516
330,2.007076,1.377023,492
331,2.020548,1.374224,511
332,2.034722,1.364907,507
333,2.056235,1.349920,484
334,2.071770,1.346812,498
335,2.102439,1.330247,494
