336
0,1.093750,4.375000,82
1,1.156250,3.700000,84
2,1.233333,3.700000,82
3,1.300000,3.250000,84
4,1.333333,3.076923,86
5,1.448276,2.800000,88
6,1.500000,2.500000,94
7,1.533333,2.300000,96
8,1.642857,2.190476,94
9,1.714286,2.086957,96
10,1.814815,2.041667,96
11,1.851852,1.923077,98
12,1.961538,1.821429,100
13,2.080000,1.733333,100
14,2.037037,1.666667,106
15,2.347826,1.588235,100
16,1.127273,5.166667,143
17,1.160714,4.333333,147
18,1.196429,3.941176,151
19,1.232143,3.631579,153
20,1.250000,3.500000,155
21,1.285714,3.272727,159
22,1.321429,3.083333,161
23,1.357143,2.923077,165
24,1.392857,2.785714,167
25,1.421053,2.612903,173
26,1.438596,2.484848,175
27,1.473684,2.470588,176
28,1.500000,2.400000,176
29,1.535714,2.324324,178
30,1.581818,2.230769,178
31,1.607143,2.195122,184
32,1.625000,2.116279,186
33,1.654545,2.068182,186
34,1.703704,2.044445,186
35,1.722222,1.978723,188
36,1.773585,1.918367,188
37,1.777778,1.882353,192
38,1.830189,1.830189,192
39,1.865385,1.830189,192
40,1.901961,1.796296,190
41,1.960000,1.750000,190
42,1.960784,1.724138,196
43,2.000000,1.666667,194
44,2.083333,1.666667,192
45,2.127660,1.612903,192
46,2.173913,1.587302,190
47,2.295455,1.530303,190
48,1.155556,4.727273,237
49,1.163043,4.458333,243
50,1.200000,4.320000,241
51,1.219780,3.964286,247
52,1.239130,3.800000,253
53,1.244681,3.656250,259
54,1.263158,3.428571,265
55,1.284211,3.297297,269
56,1.291667,3.263158,273
57,1.309278,3.097561,276
58,1.333333,3.047619,278
59,1.350515,2.977273,282
60,1.357143,2.891304,286
61,1.377551,2.812500,290
62,1.393939,2.705882,296
63,1.404040,2.725490,296
64,1.410000,2.660377,300
65,1.444444,2.600000,302
66,1.454545,2.526316,304
67,1.460000,2.474576,308
68,1.480000,2.466667,312
69,1.500000,2.419355,314
70,1.500000,2.318182,322
71,1.530000,2.353846,318
72,1.534653,2.313433,322
73,1.544554,2.260870,324
74,1.549020,2.225352,327
75,1.568627,2.191781,331
76,1.584158,2.191781,329
77,1.610000,2.146667,331
78,1.603960,2.131579,333
79,1.630000,2.089744,333
80,1.640000,2.075949,335
81,1.643564,2.024390,339
82,1.663366,2.024096,343
83,1.686869,1.988095,339
84,1.696970,1.976471,341
85,1.707071,1.965116,341
86,1.717172,1.931818,343
87,1.727273,1.900000,345
88,1.737374,1.890110,347
89,1.755102,1.869565,345
90,1.783505,1.860215,347
91,1.802083,1.840425,345
92,1.812500,1.812500,347
93,1.822917,1.785714,349
94,1.842105,1.767677,347
95,1.861702,1.767677,347
96,1.881720,1.732673,345
97,1.882979,1.718447,351
98,1.902174,1.699029,345
99,1.923077,1.682692,345
100,1.955556,1.676190,345
101,1.955556,1.644860,345
102,1.988636,1.635514,341
103,2.022989,1.629630,341
104,2.046512,1.614679,341
105,2.058824,1.590909,339
106,2.082353,1.580357,341
107,2.108434,1.548673,337
108,2.148148,1.539823,333
109,2.162500,1.517544,331
110,2.202532,1.513044,331
111,2.263158,1.482759,325
112,1.188679,4.666667,282
113,1.198113,4.535714,284
114,1.218182,4.322581,298
115,1.240741,4.060606,296
116,1.245455,3.914286,302
117,1.267857,3.736842,312
118,1.269565,3.650000,322
119,1.289474,3.500000,322
120,1.295652,3.386364,325
121,1.310924,3.319149,339
122,1.327731,3.224490,343
123,1.338983,3.160000,341
124,1.336066,3.075472,353
125,1.358333,3.018518,351
126,1.371901,2.964286,357
127,1.385246,2.913793,361
128,1.384000,2.883333,371
129,1.403226,2.806452,371
130,1.408000,2.750000,375
131,1.420635,2.671642,380
132,1.418605,2.652174,390
133,1.440945,2.652174,386
134,1.445312,2.605634,390
135,1.453846,2.589041,398
136,1.450382,2.533333,402
137,1.476923,2.493506,404
138,1.466165,2.468354,412
139,1.488550,2.437500,410
140,1.503817,2.432099,412
141,1.507576,2.397590,416
142,1.518797,2.376471,422
143,1.530303,2.348837,420
144,1.518519,2.303371,427
145,1.529412,2.285714,433
146,1.536765,2.271739,435
147,1.548148,2.247312,433
148,1.558824,2.231579,439
149,1.570370,2.208333,439
150,1.562044,2.183673,443
151,1.580882,2.171717,443
152,1.583942,2.148515,449
153,1.595588,2.127451,447
154,1.602941,2.116505,449
155,1.613139,2.104762,455
156,1.620438,2.094340,455
157,1.627737,2.064815,457
158,1.639706,2.045871,457
159,1.642336,2.045455,461
160,1.649635,2.017857,463
161,1.656934,2.008850,463
162,1.659420,1.991304,467
163,1.664234,1.965517,465
164,1.676471,1.965517,465
165,1.683824,1.957265,465
166,1.698529,1.941176,469
167,1.705882,1.917355,471
168,1.711111,1.909091,469
169,1.718518,1.901639,469
170,1.733333,1.887097,473
171,1.738806,1.879032,471
172,1.751880,1.849206,469
173,1.753731,1.850394,473
174,1.766917,1.835938,473
175,1.772727,1.813954,471
176,1.787879,1.815385,473
177,1.786260,1.800000,469
178,1.793893,1.780303,471
179,1.807692,1.766917,471
180,1.815385,1.761194,471
181,1.828125,1.746269,467
182,1.842520,1.733333,467
183,1.835938,1.715328,469
184,1.851562,1.717391,471
185,1.865079,1.690647,467
186,1.887097,1.695652,463
187,1.895161,1.678571,465
188,1.910569,1.666667,465
189,1.925620,1.652482,459
190,1.925620,1.629371,459
191,1.950000,1.636364,459
192,1.957627,1.615385,453
193,1.965812,1.597222,451
194,1.991453,1.595890,455
195,1.982759,1.575342,451
196,2.017544,1.564626,449
197,2.035714,1.561644,443
198,2.053571,1.554054,447
199,2.073395,1.527027,439
200,2.073395,1.516778,439
201,2.113208,1.503356,433
202,2.132076,1.496689,435
203,2.155340,1.480000,427
204,2.178218,1.466667,422
205,2.207921,1.457516,427
206,2.212121,1.431373,420
207,2.260417,1.418301,414
208,1.228571,4.607143,286
209,1.230088,4.483871,308
210,1.256881,4.281250,300
211,1.270270,4.028572,308
212,1.283186,3.815789,318
213,1.283333,3.756098,337
214,1.313043,3.595238,327
215,1.316239,3.500000,333
216,1.325000,3.382979,345
217,1.333333,3.360000,363
218,1.349594,3.192308,357
219,1.354839,3.169811,361
220,1.368000,3.109091,367
221,1.363636,3.103448,386
222,1.382812,3.000000,378
223,1.392308,2.967213,386
224,1.389706,2.953125,404
225,1.394161,2.893939,408
226,1.421053,2.820895,400
227,1.417266,2.814286,418
228,1.430657,2.722222,416
229,1.442029,2.689189,420
230,1.450000,2.636364,427
231,1.437500,2.653846,437
232,1.460993,2.641026,433
233,1.464789,2.600000,437
234,1.472222,2.554217,445
235,1.463087,2.534884,459
236,1.482759,2.500000,451
237,1.493151,2.477273,457
238,1.493333,2.488889,469
239,1.493421,2.440860,476
240,1.510067,2.419355,469
241,1.506493,2.416667,484
242,1.526667,2.385417,476
243,1.529801,2.357143,480
244,1.532895,2.353535,484
245,1.528662,2.330097,500
246,1.538961,2.300971,492
247,1.551948,2.298077,496
248,1.540881,2.268518,510
249,1.543750,2.266055,514
250,1.560510,2.247706,508
251,1.556250,2.243243,516
252,1.569620,2.214286,514
253,1.582278,2.192982,516
254,1.584906,2.172414,520
255,1.574074,2.179487,527
256,1.586420,2.159664,529
257,1.588957,2.158333,533
258,1.595092,2.148760,535
259,1.602484,2.114754,531
260,1.607362,2.112903,539
261,1.617284,2.096000,537
262,1.617284,2.079365,537
263,1.623457,2.070866,539
264,1.628049,2.069767,547
265,1.631902,2.046154,545
266,1.634146,2.030303,549
267,1.640244,2.022556,551
268,1.642424,2.022388,555
269,1.656442,2.014925,551
270,1.662577,1.992647,553
271,1.658537,1.971014,555
272,1.658683,1.978571,567
273,1.660606,1.971223,559
274,1.664634,1.964029,557
275,1.680982,1.957143,557
276,1.678788,1.950704,565
277,1.678788,1.923611,565
278,1.693251,1.916667,561
279,1.696970,1.917808,569
280,1.696970,1.904762,569
281,1.705521,1.891156,565
282,1.713415,1.885906,569
283,1.722222,1.872483,565
284,1.723926,1.860927,569
285,1.728395,1.854305,567
286,1.736196,1.849673,573
287,1.739130,1.842105,565
288,1.745342,1.824675,567
289,1.751553,1.819355,569
290,1.753086,1.820513,573
291,1.767296,1.801282,565
292,1.767296,1.801282,565
293,1.775000,1.786164,571
294,1.781250,1.770186,573
295,1.784810,1.762500,567
296,1.797468,1.763975,569
297,1.794872,1.750000,563
298,1.806452,1.739130,561
299,1.806452,1.717791,561
300,1.808917,1.721212,569
301,1.818182,1.707317,561
302,1.835526,1.701220,557
303,1.843137,1.698795,563
304,1.855263,1.688623,561
305,1.853333,1.674699,555
306,1.854305,1.666667,559
307,1.877551,1.652695,549
308,1.883562,1.646707,545
309,1.889655,1.630952,543
310,1.891156,1.635294,551
311,1.902098,1.609468,539
312,1.915493,1.609468,539
313,1.930070,1.604651,545
314,1.936620,1.589595,543
315,1.942029,1.576471,529
316,1.964029,1.578035,537
317,1.948905,1.552326,527
318,1.970370,1.537572,524
319,1.984962,1.534884,520
320,2.000000,1.531429,525
321,2.007692,1.508671,512
322,2.023256,1.500000,512
323,2.023438,1.488506,508
324,2.054688,1.485876,514
325,2.073171,1.465517,496
326,2.090909,1.454023,492
327,2.100000,1.440000,490
328,2.114754,1.441341,500
329,2.128205,1.414773,484
330,2.157895,1.405714,476
331,2.163793,1.410112,484
332,2.192982,1.396648,482
333,2.200000,1.367232,467
334,2.225225,1.372222,475
335,2.281554,1.327684,451
