336
0,1.010000,4.590909,76
1,1.060606,3.750000,78
2,1.122449,3.333333,79
3,1.173469,2.948718,82
4,1.237113,2.727273,84
5,1.278350,2.480000,86
6,1.357895,2.303571,88
7,1.414894,2.180328,89
8,1.473118,2.075758,91
9,1.532609,1.958333,93
10,1.593407,1.883117,94
11,1.674157,1.817073,96
12,1.747126,1.747126,96
13,1.823529,1.684783,97
14,1.880952,1.628866,98
15,2.050000,1.532710,100
16,1.010929,4.512195,139
17,1.038674,4.086957,139
18,1.071038,3.769231,144
19,1.104396,3.465517,146
20,1.130435,3.250000,149
21,1.157609,3.042857,152
22,1.191257,2.906667,154
23,1.218579,2.753086,156
24,1.245902,2.620690,159
25,1.273224,2.532609,161
26,1.306011,2.438776,164
27,1.327869,2.359223,166
28,1.357143,2.287037,168
29,1.384615,2.210526,170
30,1.414365,2.151261,172
31,1.444444,2.096774,173
32,1.474860,2.046512,175
33,1.500000,1.992537,176
34,1.531073,1.949640,178
35,1.556818,1.902778,179
36,1.591954,1.871622,180
37,1.622093,1.823529,181
38,1.664706,1.791139,182
39,1.696429,1.759259,182
40,1.724551,1.724551,183
41,1.768293,1.695906,183
42,1.802469,1.659091,184
43,1.832298,1.638889,185
44,1.867089,1.603261,184
45,1.910256,1.576720,185
46,1.954248,1.549223,185
47,2.040540,1.502488,185
48,1.019737,4.428571,231
49,1.038585,4.194805,239
50,1.054140,3.987952,244
51,1.070968,3.772727,243
52,1.085173,3.621053,251
53,1.105431,3.460000,251
54,1.121019,3.320755,254
55,1.137072,3.230088,262
56,1.152648,3.135593,264
57,1.163580,3.016000,269
58,1.178462,2.946154,272
59,1.192661,2.867647,276
60,1.211009,2.788732,279
61,1.225610,2.734694,282
62,1.239264,2.657895,282
63,1.251534,2.598726,284
64,1.269113,2.546012,288
65,1.280488,2.500000,291
66,1.295732,2.456647,293
67,1.306991,2.415730,296
68,1.322188,2.364130,298
69,1.331325,2.338624,302
70,1.346386,2.304124,304
71,1.359517,2.261307,306
72,1.376900,2.231527,306
73,1.385542,2.200957,311
74,1.397590,2.168224,313
75,1.413897,2.136986,314
76,1.425982,2.107143,316
77,1.439394,2.083333,318
78,1.449848,2.056035,318
79,1.465046,2.033755,321
80,1.478659,2.004132,322
81,1.492308,1.979592,321
82,1.506173,1.959839,322
83,1.520124,1.933071,323
84,1.529412,1.914729,325
85,1.543210,1.901141,328
86,1.559006,1.880150,328
87,1.571875,1.856089,328
88,1.588050,1.836364,329
89,1.601266,1.813620,329
90,1.617089,1.799296,331
91,1.628571,1.781250,332
92,1.643087,1.762069,330
93,1.659164,1.749153,333
94,1.678571,1.729097,332
95,1.692810,1.715232,332
96,1.705298,1.694079,329
97,1.726667,1.676375,331
98,1.738255,1.660256,330
99,1.760943,1.649842,332
100,1.780069,1.628931,328
101,1.798635,1.621539,333
102,1.813149,1.602446,331
103,1.830389,1.584098,326
104,1.850000,1.569697,326
105,1.870968,1.558209,327
106,1.894928,1.542773,327
107,1.918519,1.523529,323
108,1.944238,1.515942,325
109,1.962547,1.501433,325
110,1.992337,1.485714,321
111,2.035714,1.453258,316
112,1.032172,4.425287,286
113,1.041775,4.200000,295
114,1.054830,4.040000,298
115,1.069231,3.861111,306
116,1.082474,3.716814,306
117,1.096447,3.600000,314
118,1.106173,3.500000,324
119,1.120000,3.393939,323
120,1.131841,3.297101,327
121,1.143921,3.201389,330
122,1.151442,3.151316,343
123,1.169118,3.057692,339
124,1.177184,2.993827,344
125,1.187952,2.934524,349
126,1.198068,2.867052,350
127,1.207143,2.816667,357
128,1.214953,2.795699,365
129,1.220690,2.751295,373
130,1.229885,2.702020,374
131,1.244755,2.643564,373
132,1.251716,2.617225,381
133,1.259681,2.584112,384
134,1.272517,2.527523,382
135,1.274157,2.520000,393
136,1.286036,2.482609,394
137,1.301149,2.429184,389
138,1.308219,2.407563,394
139,1.316629,2.378601,396
140,1.323529,2.358871,401
141,1.333333,2.324111,402
142,1.337029,2.310345,412
143,1.346667,2.286793,413
144,1.351648,2.269373,419
145,1.359823,2.240000,419
146,1.368653,2.222222,421
147,1.381696,2.195035,419
148,1.387528,2.170732,421
149,1.392544,2.167236,429
150,1.403118,2.128378,424
151,1.408791,2.122517,431
152,1.420935,2.098684,428
153,1.426667,2.077670,431
154,1.431718,2.070064,436
155,1.444196,2.047468,433
156,1.450893,2.031250,434
157,1.458797,2.015385,436
158,1.465784,2.006042,442
159,1.471366,1.994030,444
160,1.481319,1.976540,448
161,1.485651,1.962099,446
162,1.495614,1.954155,451
163,1.505618,1.925287,443
164,1.512359,1.911932,444
165,1.523702,1.901408,445
166,1.528217,1.885794,446
167,1.540724,1.876033,448
168,1.546067,1.864499,452
169,1.557078,1.848238,447
170,1.562077,1.840425,453
171,1.572082,1.827128,449
172,1.581609,1.815303,449
173,1.589977,1.803618,455
174,1.597701,1.791237,453
175,1.609195,1.781170,455
176,1.618267,1.762755,449
177,1.627962,1.752551,445
178,1.635071,1.742424,447
179,1.643868,1.733831,451
180,1.654930,1.727941,455
181,1.664286,1.713235,451
182,1.674757,1.699507,444
183,1.683698,1.687805,445
184,1.697044,1.676399,442
185,1.705160,1.668269,445
186,1.717445,1.656398,448
187,1.724311,1.642005,440
188,1.736318,1.634660,446
189,1.748092,1.620283,438
190,1.761539,1.608899,438
191,1.773537,1.605991,443
192,1.783854,1.589327,435
193,1.796345,1.577982,436
194,1.808000,1.565820,429
195,1.823219,1.559819,436
196,1.834239,1.544622,426
197,1.852055,1.536364,426
198,1.866295,1.522727,421
199,1.879452,1.517699,431
200,1.897222,1.507726,428
201,1.914286,1.492205,419
202,1.928571,1.483516,421
203,1.946588,1.467561,409
204,1.961877,1.460699,416
205,1.979472,1.454741,419
206,2.002994,1.441810,414
207,2.037037,1.419355,408
208,1.031532,4.403846,340
209,1.043084,4.220183,340
210,1.056433,4.069565,344
211,1.071926,3.915254,338
212,1.077605,3.796875,355
213,1.089520,3.669118,363
214,1.107062,3.547445,352
215,1.119816,3.422535,351
216,1.128378,3.362416,360
217,1.140625,3.275641,366
218,1.147253,3.202454,373
219,1.158242,3.136905,376
220,1.155280,3.117318,398
221,1.167010,3.059459,403
222,1.183369,2.967914,393
223,1.177645,2.964824,419
224,1.199580,2.869347,403
225,1.198397,2.861244,422
226,1.203922,2.842592,433
227,1.223819,2.759259,418
228,1.232033,2.714932,419
229,1.227626,2.719828,442
230,1.235868,2.675106,443
231,1.244186,2.652893,448
232,1.250000,2.620968,453
233,1.265873,2.562249,443
234,1.273267,2.531496,445
235,1.280632,2.501930,448
236,1.289109,2.465909,449
237,1.285714,2.472528,466
238,1.292220,2.449640,469
239,1.309198,2.397850,459
240,1.312741,2.385965,467
241,1.318618,2.360825,471
242,1.323755,2.342373,473
243,1.332054,2.321070,474
244,1.337143,2.309211,479
245,1.338346,2.289389,486
246,1.340700,2.289308,497
247,1.345588,2.273292,499
248,1.357678,2.237654,493
249,1.358974,2.241692,504
250,1.368715,2.207207,499
251,1.372222,2.192308,503
252,1.374088,2.188953,511
253,1.380692,2.171920,513
254,1.392193,2.146132,506
255,1.398887,2.135977,508
256,1.394213,2.129834,521
257,1.407749,2.107735,514
258,1.413284,2.092896,515
259,1.411232,2.094086,524
260,1.420184,2.069519,520
261,1.427523,2.058201,522
262,1.427536,2.052083,529
263,1.435897,2.036364,525
264,1.441989,2.018041,524
265,1.450184,2.010230,525
266,1.448463,2.007519,536
267,1.453069,1.997519,538
268,1.459313,1.987685,538
269,1.468635,1.965432,530
270,1.470163,1.968523,541
271,1.475588,1.956835,543
272,1.478339,1.945368,544
273,1.485294,1.937650,536
274,1.486486,1.936620,548
275,1.490942,1.922897,546
276,1.500921,1.908665,540
277,1.505455,1.903448,548
278,1.510018,1.892694,548
279,1.514815,1.880460,541
280,1.519126,1.874157,551
281,1.525548,1.866071,551
282,1.532467,1.852018,544
283,1.536496,1.846491,554
284,1.540984,1.839130,557
285,1.551595,1.821586,543
286,1.554529,1.820346,552
287,1.560606,1.803064,541
288,1.564246,1.798715,551
289,1.571429,1.785714,541
290,1.576779,1.783898,551
291,1.585687,1.776371,550
292,1.589454,1.765690,551
293,1.596154,1.754757,542
294,1.601156,1.745798,542
295,1.608949,1.737395,539
296,1.616123,1.732510,548
297,1.618677,1.719008,541
298,1.626223,1.709877,540
299,1.636187,1.705882,546
300,1.643969,1.700201,548
301,1.646707,1.683674,534
302,1.657480,1.684000,544
303,1.662626,1.669371,532
304,1.668712,1.658537,527
305,1.678279,1.654545,528
306,1.683992,1.643002,522
307,1.693712,1.640471,538
308,1.702869,1.632613,534
309,1.712526,1.625731,535
310,1.718220,1.612326,520
311,1.731557,1.612595,541
312,1.740260,1.595238,514
313,1.750000,1.591522,528
314,1.761488,1.581532,513
315,1.770419,1.572549,511
316,1.777528,1.560158,504
317,1.790541,1.552734,505
318,1.801339,1.548944,512
319,1.813483,1.540076,511
320,1.820094,1.524462,493
321,1.836782,1.521905,504
322,1.844907,1.512334,503
323,1.859447,1.508411,508
324,1.866180,1.489320,483
325,1.879808,1.486692,492
326,1.892500,1.469903,476
327,1.904645,1.469811,488
328,1.917526,1.450292,466
329,1.933002,1.453358,487
330,1.949239,1.440901,479
331,1.965054,1.422179,456
332,1.980978,1.412791,454
333,2.000000,1.404255,451
334,2.019499,1.394231,449
335,2.054755,1.373796,441
