336
0,1.034483,4.285714,73
1,1.103448,4.000000,76
2,1.172414,3.400000,80
3,1.206897,2.916667,82
4,1.275862,2.846154,84
5,1.392857,2.600000,86
6,1.428571,2.500000,88
7,1.555556,2.470588,88
8,1.592593,2.263158,90
9,1.730769,2.250000,92
10,1.769231,2.090909,94
11,1.880000,2.043478,94
12,1.920000,2.000000,96
13,2.041667,1.884615,96
14,2.125000,1.888889,98
15,2.409091,1.766667,100
16,1.038462,4.500000,131
17,1.076923,4.000000,135
18,1.115385,3.866667,137
19,1.153846,3.529412,141
20,1.192308,3.444444,143
21,1.207547,3.200000,147
22,1.245283,3.000000,149
23,1.283019,2.956522,153
24,1.320755,2.800000,155
25,1.358491,2.769231,159
26,1.377358,2.607143,161
27,1.442308,2.586207,161
28,1.480769,2.483871,165
29,1.500000,2.437500,167
30,1.538462,2.424242,169
31,1.557692,2.314286,171
32,1.627451,2.305556,171
33,1.647059,2.270270,173
34,1.666667,2.179487,176
35,1.740000,2.175000,178
36,1.760000,2.146342,180
37,1.816326,2.119048,180
38,1.836735,2.045455,182
39,1.895833,2.022222,182
40,1.916667,2.000000,184
41,1.978723,1.978723,184
42,2.043478,1.918367,184
43,2.065217,1.900000,186
44,2.133333,1.882353,186
45,2.181818,1.846154,186
46,2.255814,1.830189,186
47,2.333333,1.750000,186
48,1.060976,4.350000,210
49,1.097561,4.285714,212
50,1.108434,4.000000,218
51,1.129412,3.840000,224
52,1.164706,3.666667,229
53,1.174419,3.607143,233
54,1.195402,3.466667,239
55,1.218391,3.312500,243
56,1.241379,3.272727,245
57,1.247191,3.171429,251
58,1.269663,3.138889,253
59,1.292135,3.108108,257
60,1.314607,3.000000,259
61,1.322222,2.902439,263
62,1.329670,2.880952,267
63,1.366667,2.795455,269
64,1.373626,2.777778,273
65,1.395604,2.702128,278
66,1.402174,2.687500,282
67,1.423913,2.620000,284
68,1.445652,2.607843,286
69,1.451613,2.547170,290
70,1.473118,2.537037,294
71,1.483871,2.464286,296
72,1.505376,2.456140,298
73,1.526882,2.448276,300
74,1.537634,2.383333,302
75,1.559140,2.377049,306
76,1.569893,2.354839,306
77,1.591398,2.312500,310
78,1.602151,2.292308,312
79,1.612903,2.272727,312
80,1.634409,2.235294,316
81,1.645161,2.217391,318
82,1.655914,2.200000,318
83,1.666667,2.183099,320
84,1.688172,2.150685,324
85,1.717391,2.135135,324
86,1.728261,2.120000,324
87,1.739130,2.105263,327
88,1.769231,2.090909,327
89,1.780220,2.076923,329
90,1.791209,2.063291,331
91,1.802198,2.024691,333
92,1.833333,2.012195,333
93,1.844444,2.000000,335
94,1.865169,2.000000,333
95,1.897727,1.988095,333
96,1.909091,1.953488,335
97,1.920455,1.942529,337
98,1.942529,1.942529,335
99,1.965116,1.920455,335
100,1.976744,1.888889,337
101,2.023809,1.888889,335
102,2.035714,1.879121,335
103,2.060241,1.858696,335
104,2.097561,1.849462,335
105,2.111111,1.838710,333
106,2.150000,1.810526,333
107,2.177215,1.810526,333
108,2.217949,1.802083,333
109,2.246753,1.783505,331
110,2.276316,1.765306,331
111,2.324324,1.755102,327
112,1.091837,4.458333,253
113,1.122449,4.230769,257
114,1.130000,4.035714,265
115,1.148515,3.866667,269
116,1.166667,3.838710,276
117,1.190000,3.718750,273
118,1.207921,3.588235,280
119,1.225490,3.472222,284
120,1.230769,3.459460,290
121,1.259615,3.358974,294
122,1.259259,3.317073,306
123,1.275229,3.232558,312
124,1.281818,3.133333,316
125,1.314815,3.086957,314
126,1.318182,3.085106,320
127,1.318584,2.980000,331
128,1.336283,2.960784,333
129,1.350877,2.905660,339
130,1.362832,2.851852,339
131,1.377193,2.854545,343
132,1.382609,2.789474,347
133,1.400000,2.775862,349
134,1.398305,2.750000,359
135,1.418803,2.677419,359
136,1.420168,2.640625,365
137,1.433333,2.646154,371
138,1.450000,2.597015,373
139,1.462185,2.558824,373
140,1.462810,2.528571,380
141,1.483333,2.507042,380
142,1.483607,2.513889,388
143,1.504132,2.493151,388
144,1.504065,2.466667,394
145,1.508065,2.428571,398
146,1.524194,2.423077,400
147,1.540323,2.417722,404
148,1.552845,2.387500,402
149,1.552000,2.365854,410
150,1.564516,2.365854,408
151,1.568000,2.333333,412
152,1.579365,2.341177,418
153,1.587302,2.298851,418
154,1.603175,2.295455,422
155,1.598425,2.280899,424
156,1.619048,2.266667,424
157,1.626984,2.252747,427
158,1.634921,2.239130,429
159,1.650794,2.236559,431
160,1.658730,2.223404,433
161,1.666667,2.210526,435
162,1.669291,2.185567,439
163,1.682540,2.185567,437
164,1.698413,2.183673,439
165,1.692913,2.171717,443
166,1.714286,2.160000,443
167,1.716535,2.137255,447
168,1.724409,2.126214,449
169,1.732283,2.115385,449
170,1.738095,2.105769,447
171,1.746032,2.095238,449
172,1.761905,2.074766,453
173,1.769841,2.064815,453
174,1.777778,2.055046,455
175,1.792000,2.055046,453
176,1.800000,2.045455,455
177,1.808000,2.036036,457
178,1.822581,2.017857,457
179,1.837398,2.017857,455
180,1.838710,2.000000,459
181,1.853659,1.982609,459
182,1.861789,1.991304,459
183,1.884297,1.982609,455
184,1.884297,1.965517,457
185,1.900826,1.949153,459
186,1.908333,1.957265,457
187,1.925000,1.941176,459
188,1.940678,1.940678,455
189,1.966102,1.917355,459
190,1.965812,1.916667,455
191,1.982759,1.900826,455
192,2.000000,1.886179,457
193,2.017391,1.886179,455
194,2.035088,1.870968,455
195,2.043860,1.864000,457
196,2.053571,1.869919,451
197,2.072072,1.854839,449
198,2.090090,1.826772,453
199,2.109091,1.826772,451
200,2.128440,1.812500,451
201,2.158879,1.804688,447
202,2.180952,1.803150,441
203,2.192308,1.795276,439
204,2.221154,1.763359,445
205,2.247525,1.773438,435
206,2.267327,1.748092,439
207,2.329897,1.738461,429
208,1.142857,4.307693,261
209,1.150000,4.259259,267
210,1.166667,4.103448,276
211,1.184466,3.935484,280
212,1.196262,3.878788,292
213,1.215686,3.647059,282
214,1.245098,3.628572,286
215,1.262136,3.513514,292
216,1.266667,3.410256,298
217,1.267857,3.380952,318
218,1.296296,3.333333,310
219,1.298246,3.288889,329
220,1.313043,3.212766,335
221,1.316239,3.142857,341
222,1.319328,3.140000,347
223,1.347826,3.039216,341
224,1.347107,3.018518,359
225,1.360656,3.018182,363
226,1.378151,2.928571,357
227,1.391667,2.879310,363
228,1.392000,2.900000,378
229,1.409836,2.819672,373
230,1.411290,2.777778,380
231,1.427419,2.765625,382
232,1.415385,2.746269,398
233,1.427481,2.710145,404
234,1.431818,2.700000,408
235,1.436090,2.652778,412
236,1.447761,2.657534,416
237,1.451852,2.613333,420
238,1.463235,2.618421,427
239,1.477941,2.576923,429
240,1.481752,2.569620,433
241,1.492754,2.575000,439
242,1.496403,2.536585,443
243,1.510949,2.524390,439
244,1.525548,2.488095,443
245,1.517730,2.488372,453
246,1.521127,2.454545,457
247,1.524476,2.449438,461
248,1.539007,2.438202,459
249,1.542253,2.406593,463
250,1.544828,2.408602,473
251,1.559441,2.397850,469
252,1.562500,2.393617,473
253,1.576389,2.389474,476
254,1.571429,2.381443,486
255,1.586207,2.346939,482
256,1.587838,2.350000,492
257,1.583893,2.336634,494
258,1.597315,2.333333,498
259,1.600000,2.330097,502
260,1.606667,2.317308,502
261,1.610738,2.285714,500
262,1.624161,2.283019,504
263,1.618421,2.277778,512
264,1.625000,2.266055,514
265,1.638158,2.263636,516
266,1.633987,2.252252,520
267,1.649007,2.243243,516
268,1.651316,2.241071,520
269,1.649351,2.228070,527
270,1.655844,2.217391,529
271,1.668831,2.215517,531
272,1.673203,2.206897,529
273,1.679739,2.196581,531
274,1.677419,2.184874,537
275,1.692810,2.176471,533
276,1.690323,2.165289,539
277,1.696774,2.155738,541
278,1.703226,2.146342,543
279,1.709677,2.137097,545
280,1.716129,2.128000,545
281,1.720779,2.137097,543
282,1.727273,2.128000,545
283,1.735484,2.118110,549
284,1.741935,2.093023,551
285,1.751634,2.093750,547
286,1.748387,2.084615,553
287,1.764706,2.093023,549
288,1.764706,2.076923,549
289,1.771242,2.068702,551
290,1.771242,2.053030,551
291,1.785714,2.052239,557
292,1.785714,2.037037,559
293,1.796053,2.037313,553
294,1.796053,2.037313,553
295,1.809211,2.022059,557
296,1.816993,2.014493,561
297,1.828947,2.014493,561
298,1.833333,2.007299,555
299,1.840000,2.000000,555
300,1.840000,2.000000,555
301,1.854305,1.985816,563
302,1.866667,1.985816,561
303,1.866667,1.971831,561
304,1.879195,1.958042,561
305,1.884354,1.964539,555
306,1.891892,1.958042,559
307,1.904762,1.944444,559
308,1.910345,1.937063,553
309,1.923611,1.937063,551
310,1.937063,1.937063,551
311,1.937063,1.923611,551
312,1.950704,1.923611,549
313,1.957447,1.916667,547
314,1.971831,1.904762,553
315,1.978571,1.897260,547
316,2.000000,1.890411,545
317,2.007299,1.883562,541
318,2.014389,1.879195,551
319,2.022059,1.870748,541
320,2.037037,1.870748,539
321,2.044776,1.863946,537
322,2.052632,1.844595,535
323,2.082707,1.834437,541
324,2.082707,1.822368,541
325,2.108527,1.825503,529
326,2.123077,1.815789,537
327,2.125984,1.812081,524
328,2.140625,1.802632,531
329,2.161290,1.798658,518
330,2.188524,1.791946,514
331,2.198347,1.773333,512
332,2.221312,1.771242,520
333,2.250000,1.764706,516
334,2.260504,1.746753,514
335,2.301724,1.733766,510
