336
0,1.114035,4.379310,85
1,1.162162,3.909091,85
2,1.220183,3.410256,86
3,1.277778,3.136364,88
4,1.339623,2.840000,89
5,1.413462,2.625000,90
6,1.480392,2.435484,92
7,1.550000,2.279412,93
8,1.622449,2.148649,94
9,1.697917,2.037500,95
10,1.795699,1.941860,95
11,1.868132,1.847826,97
12,1.977273,1.793814,97
13,2.070588,1.708738,97
14,2.182927,1.657407,98
15,2.397436,1.558333,100
16,1.131707,4.377358,154
17,1.157635,4.122807,154
18,1.182266,3.809524,156
19,1.212871,3.602941,158
20,1.242574,3.346667,161
21,1.278607,3.172839,163
22,1.306931,3.034483,167
23,1.345000,2.892473,168
24,1.370000,2.767677,170
25,1.407035,2.641510,172
26,1.439394,2.544643,174
27,1.472081,2.457627,176
28,1.505102,2.379032,178
29,1.538462,2.307692,180
30,1.575130,2.235294,181
31,1.609375,2.176056,182
32,1.638743,2.114865,184
33,1.682540,2.078431,185
34,1.721925,2.025157,186
35,1.756757,1.981707,188
36,1.792350,1.929412,188
37,1.828729,1.891429,189
38,1.882023,1.861111,190
39,1.914773,1.811828,190
40,1.971098,1.776042,191
41,2.005848,1.750000,191
42,2.059524,1.712871,192
43,2.109091,1.681159,192
44,2.154321,1.654028,192
45,2.207547,1.617512,192
46,2.262820,1.590090,192
47,2.386667,1.549784,192
48,1.163142,4.375000,252
49,1.172107,4.202127,258
50,1.191740,4.040000,262
51,1.210059,3.858490,264
52,1.226190,3.711712,265
53,1.239766,3.563025,272
54,1.258721,3.436508,276
55,1.278592,3.328244,276
56,1.294798,3.223022,282
57,1.314869,3.131944,283
58,1.331395,3.033113,286
59,1.344828,2.962025,292
60,1.360000,2.902439,295
61,1.375000,2.830409,299
62,1.392045,2.768362,302
63,1.408571,2.708791,303
64,1.424501,2.645503,306
65,1.436620,2.602041,311
66,1.452247,2.559406,315
67,1.473088,2.512077,315
68,1.485876,2.469484,318
69,1.500000,2.427273,322
70,1.514045,2.384956,324
71,1.529577,2.350649,325
72,1.550847,2.316456,328
73,1.563380,2.283951,331
74,1.578652,2.257028,334
75,1.591549,2.224409,335
76,1.608451,2.196154,337
77,1.624294,2.169811,339
78,1.639205,2.137037,339
79,1.654391,2.108303,342
80,1.672365,2.088968,343
81,1.687500,2.062500,346
82,1.700855,2.044521,347
83,1.715100,2.020134,350
84,1.737752,2.003322,349
85,1.751445,1.986885,350
86,1.763689,1.955272,353
87,1.785507,1.937107,354
88,1.807018,1.919255,354
89,1.824047,1.902141,355
90,1.840708,1.879518,355
91,1.860534,1.860534,356
92,1.874251,1.852071,355
93,1.897898,1.831884,357
94,1.915151,1.816092,356
95,1.935780,1.803419,356
96,1.953988,1.784314,358
97,1.975309,1.763085,358
98,2.000000,1.752747,356
99,2.015773,1.736413,356
100,2.044445,1.717333,358
101,2.070513,1.704486,358
102,2.087662,1.692105,355
103,2.111842,1.676240,354
104,2.140000,1.663212,353
105,2.168350,1.647059,353
106,2.191126,1.633588,351
107,2.224914,1.619647,350
108,2.249123,1.606516,348
109,2.284698,1.589109,347
110,2.323741,1.571776,348
111,2.377778,1.554479,344
112,1.199482,4.327103,299
113,1.199513,4.213675,319
114,1.215159,4.073771,320
115,1.226829,3.929688,323
116,1.237410,3.794118,330
117,1.261194,3.647482,322
118,1.261072,3.582782,344
119,1.286408,3.464052,334
120,1.292453,3.382716,345
121,1.311905,3.299401,345
122,1.323113,3.224138,351
123,1.338061,3.144444,353
124,1.347418,3.069519,357
125,1.349887,3.035533,372
126,1.361798,2.970588,376
127,1.370536,2.923810,380
128,1.387387,2.865116,380
129,1.396896,2.825112,388
130,1.404396,2.778261,393
131,1.416122,2.742616,398
132,1.432372,2.691667,394
133,1.444690,2.654472,398
134,1.443011,2.631372,409
135,1.462882,2.586873,406
136,1.464819,2.563433,417
137,1.476596,2.532847,420
138,1.492441,2.494585,417
139,1.495781,2.470383,428
140,1.503158,2.445205,430
141,1.519149,2.412162,428
142,1.520833,2.393443,438
143,1.531250,2.370968,440
144,1.546414,2.341853,438
145,1.550725,2.333333,447
146,1.557851,2.305810,449
147,1.568182,2.286144,451
148,1.581250,2.265672,450
149,1.587629,2.251462,456
150,1.598753,2.228986,455
151,1.609148,2.211429,457
152,1.612705,2.192201,464
153,1.619632,2.175824,467
154,1.631148,2.157182,468
155,1.636735,2.138667,472
156,1.648760,2.128000,468
157,1.658436,2.109948,472
158,1.664622,2.092545,476
159,1.674847,2.078680,479
160,1.687885,2.070529,479
161,1.694845,2.055000,479
162,1.706612,2.044554,480
163,1.711934,2.029268,483
164,1.724280,2.014423,486
165,1.734990,2.000000,485
166,1.740741,1.985916,489
167,1.752599,1.978873,486
168,1.762397,1.960919,492
169,1.770186,1.947608,492
170,1.782427,1.940774,490
171,1.791667,1.923937,494
172,1.800420,1.917226,491
173,1.812236,1.908889,492
174,1.822034,1.898455,492
175,1.832272,1.888403,492
176,1.844211,1.867804,499
177,1.853814,1.857749,498
178,1.863830,1.848101,498
179,1.875000,1.847134,493
180,1.886021,1.830898,497
181,1.898707,1.816495,498
182,1.908297,1.817048,494
183,1.923246,1.804527,494
184,1.934498,1.786290,499
185,1.946785,1.784553,493
186,1.957589,1.775304,492
187,1.975610,1.750491,499
188,1.986395,1.759036,490
189,2.004515,1.737769,495
190,2.016092,1.736634,489
191,2.036866,1.719844,492
192,2.049180,1.719057,485
193,2.063679,1.708984,485
194,2.080000,1.690249,489
195,2.101896,1.679924,489
196,2.125891,1.660482,493
197,2.142857,1.657303,486
198,2.159705,1.652256,482
199,2.180247,1.641264,483
200,2.195431,1.641366,472
201,2.220513,1.630885,471
202,2.240933,1.616822,470
203,2.260309,1.597450,476
204,2.289817,1.585895,475
205,2.309140,1.584871,464
206,2.333333,1.578558,460
207,2.377410,1.552158,463
208,1.191667,4.333333,364
209,1.238095,4.333333,324
210,1.241071,4.212121,349
211,1.265487,4.085714,356
212,1.281818,3.810811,349
213,1.284483,3.725000,369
214,1.312500,3.675000,360
215,1.336283,3.595238,369
216,1.322314,3.478261,393
217,1.336066,3.395833,398
218,1.364407,3.285714,391
219,1.362903,3.250000,411
220,1.400000,3.169811,404
221,1.401639,3.109091,411
222,1.414634,3.052632,418
223,1.410853,3.033333,438
224,1.428571,2.950820,431
225,1.440945,2.951613,436
226,1.460938,2.876923,444
227,1.444444,2.867647,464
228,1.469697,2.811594,460
229,1.484848,2.800000,462
230,1.481752,2.780822,480
231,1.485507,2.733333,484
232,1.500000,2.684211,480
233,1.507143,2.705128,496
234,1.532847,2.658228,491
235,1.536232,2.617284,496
236,1.542857,2.571429,504
237,1.531034,2.581395,520
238,1.556338,2.569767,516
239,1.559441,2.534091,520
240,1.557823,2.544445,533
241,1.571429,2.510870,538
242,1.586207,2.473118,533
243,1.580000,2.468750,551
244,1.598639,2.447917,544
245,1.601351,2.443299,549
246,1.621622,2.424242,553
247,1.611842,2.425743,564
248,1.626667,2.392157,562
249,1.629139,2.365385,567
250,1.642384,2.361905,569
251,1.632258,2.342592,582
252,1.653595,2.342592,580
253,1.666667,2.318182,582
254,1.668831,2.315315,587
255,1.668790,2.298246,598
256,1.683871,2.289474,596
257,1.685897,2.286957,600
258,1.679245,2.262712,609
259,1.691824,2.260504,613
260,1.696203,2.252101,609
261,1.700000,2.229508,618
262,1.715190,2.221312,616
263,1.716981,2.219512,620
264,1.720497,2.181102,629
265,1.732919,2.196850,631
266,1.737500,2.188976,629
267,1.743750,2.179688,629
268,1.756250,2.178295,633
269,1.748466,2.159091,642
270,1.763975,2.151515,640
271,1.770186,2.142857,640
272,1.771605,2.141791,644
273,1.773006,2.125000,649
274,1.777778,2.117647,647
275,1.790123,2.116788,651
276,1.786585,2.092857,658
277,1.792683,2.085106,660
278,1.797546,2.078014,658
279,1.810976,2.076923,664
280,1.820988,2.077465,658
281,1.815951,2.069930,662
282,1.833333,2.062500,662
283,1.835366,2.047619,671
284,1.845679,2.047945,664
285,1.851852,2.040816,667
286,1.853659,2.026667,676
287,1.853659,2.013245,676
288,1.864197,2.013333,671
289,1.865854,2.000000,680
290,1.876543,2.000000,673
291,1.888199,1.986928,673
292,1.888199,1.986928,673
293,1.901235,1.961783,680
294,1.900621,1.961538,676
295,1.918750,1.967949,676
296,1.918750,1.955414,676
297,1.931677,1.943750,684
298,1.930818,1.943038,676
299,1.937107,1.937107,678
300,1.950000,1.914110,684
301,1.962264,1.914110,684
302,1.968153,1.919255,676
303,1.981013,1.908537,684
304,1.987180,1.901840,678
305,1.987180,1.901840,678
306,1.993548,1.895706,673
307,2.000000,1.869048,684
308,2.019608,1.884146,671
309,2.032895,1.872727,671
310,2.032895,1.861446,671
311,2.045752,1.852071,678
312,2.060000,1.850299,669
313,2.073826,1.850299,667
314,2.086667,1.830409,676
315,2.100671,1.830409,673
316,2.109589,1.822485,662
317,2.122449,1.813954,671
318,2.136986,1.803468,669
319,2.146853,1.805882,658
320,2.159722,1.797688,664
321,2.154930,1.789474,656
322,2.178571,1.783626,651
323,2.191489,1.765714,660
324,2.207143,1.765714,658
325,2.227941,1.761628,642
326,2.231884,1.740113,653
327,2.246269,1.750000,638
328,2.272727,1.734104,633
329,2.282443,1.728324,631
330,2.303030,1.717514,640
331,2.320312,1.706897,624
332,2.349206,1.701149,620
333,2.360000,1.695402,618
334,2.400000,1.685393,627
335,2.445378,1.672414,604
